0.49986536
0.49973104
0.49959706
0.49946341
0.49933009
0.49919710
0.49906443
0.49893209
0.49880008
0.49866840
0.49853704
0.49840600
0.49827529
0.49814490
0.49801483
0.49788508
0.49775565
0.49762654
0.49749775
0.49736928
0.49724113
0.49711329
0.49698577
0.49685856
0.49673167
0.49660509
0.49647882
0.49635286
0.49622722
0.49610188
0.49597686
0.49585214
0.49572773
0.49560363
0.49547983
0.49535635
0.49523316
0.49511028
0.49498771
0.49486543
0.49474346
0.49462179
0.49450042
0.49437935
0.49425858
0.49413811
0.49401794
0.49389806
0.49377848
0.49365919
0.49354020
0.49342150
0.49330310
0.49318499
0.49306717
0.49294964
0.49283241
0.49271546
0.49259880
0.49248243
0.49236635
0.49225055
0.49213504
0.49201982
0.49190488
0.49179023
0.49167586
0.49156177
0.49144796
0.49133444
0.49122120
0.49110823
0.49099555
0.49088314
0.49077101
0.49065916
0.49054759
0.49043629
0.49032527
0.49021452
0.49010405
0.48999385
0.48988392
0.48977426
0.48966488
0.48955576
0.48944692
0.48933834
0.48923004
0.48912200
0.48901423
0.48890672
0.48879948
0.48869251
0.48858580
0.48847935
0.48837317
0.48826725
0.48816160
0.48805620
0.48795107
0.48784619
0.48774158
0.48763722
0.48753312
0.48742928
0.48732570
0.48722237
0.48711930
0.48701648
0.48691392
0.48681161
0.48670956
0.48660776
0.48650621
0.48640491
0.48630386
0.48620306
0.48610251
0.48600221
0.48590216
0.48580236
0.48570280
0.48560349
0.48550442
0.48540561
0.48530703
0.48520870
0.48511061
0.48501277
0.48491516
0.48481780
0.48472068
0.48462380
0.48452716
0.48443076
0.48433460
0.48423868
0.48414299
0.48404754
0.48395233
0.48385735
0.48376260
0.48366810
0.48357382
0.48347978
0.48338597
0.48329240
0.48319905
0.48310594
0.48301306
0.48292040
0.48282798
0.48273579
0.48264382
0.48255208
0.48246057
0.48236928
0.48227822
0.48218739
0.48209678
0.48200640
0.48191624
0.48182630
0.48173658
0.48164709
0.48155782
0.48146877
0.48137994
0.48129133
0.48120294
0.48111476
0.48102681
0.48093908
0.48085156
0.48076425
0.48067717
0.48059030
0.48050364
0.48041720
0.48033097
0.48024496
0.48015916
0.48007357
0.47998820
0.47990303
0.47981808
0.47973333
0.47964880
0.47956447
0.47948036
0.47939645
0.47931275
0.47922926
0.47914597
0.47906289
0.47898001
0.47889735
0.47881488
0.47873262
0.47865056
0.47856871
0.47848706
0.47840561
0.47832436
0.47824331
0.47816247
0.47808182
0.47800138
0.47792113
0.47784108
0.47776123
0.47768158
0.47760212
0.47752286
0.47744380
0.47736493
0.47728626
0.47720778
0.47712950
0.47705141
0.47697351
0.47689581
0.47681830
0.47674098
0.47666385
0.47658691
0.47651017
0.47643361
0.47635724
0.47628107
0.47620508
0.47612927
0.47605366
0.47597823
0.47590299
0.47582794
0.47575307
0.47567839
0.47560389
0.47552957
0.47545544
0.47538150
0.47530773
0.47523415
0.47516075
0.47508753
0.47501450
0.47494164
0.47486897
0.47479647
0.47472415
0.47465202
0.47458006
0.47450828
0.47443667
0.47436525
0.47429400
0.47422292
0.47415203
0.47408130
0.47401076
0.47394038
0.47387018
0.47380016
0.47373031
0.47366063
0.47359112
0.47352179
0.47345262
0.47338363
0.47331481
0.47324616
0.47317768
0.47310936
0.47304122
0.47297325
0.47290544
0.47283780
0.47277033
0.47270302
0.47263589
0.47256891
0.47250211
0.47243547
0.47236899
0.47230268
0.47223653
0.47217054
0.47210472
0.47203906
0.47197357
0.47190823
0.47184306
0.47177805
0.47171320
0.47164851
0.47158398
0.47151960
0.47145539
0.47139134
0.47132744
0.47126371
0.47120013
0.47113670
0.47107344
0.47101033
0.47094738
0.47088458
0.47082194
0.47075945
0.47069712
0.47063494
0.47057291
0.47051104
0.47044932
0.47038776
0.47032634
0.47026508
0.47020397
0.47014301
0.47008220
0.47002154
0.46996103
0.46990067
0.46984046
0.46978040
0.46972049
0.46966072
0.46960110
0.46954163
0.46948231
0.46942313
0.46936410
0.46930522
0.46924648
0.46918788
0.46912944
0.46907113
0.46901297
0.46895495
0.46889708
0.46883935
0.46878176
0.46872432
0.46866701
0.46860985
0.46855283
0.46849595
0.46843921
0.46838261
0.46832615
0.46826983
0.46821365
0.46815761
0.46810170
0.46804594
0.46799031
0.46793482
0.46787946
0.46782425
0.46776916
0.46771422
0.46765941
0.46760474
0.46755020
0.46749580
0.46744153
0.46738739
0.46733339
0.46727952
0.46722578
0.46717218
0.46711871
0.46706537
0.46701217
0.46695909
0.46690615
0.46685333
0.46680065
0.46674810
0.46669567
0.46664338
0.46659121
0.46653918
0.46648727
0.46643549
0.46638384
0.46633232
0.46628092
0.46622965
0.46617850
0.46612749
0.46607660
0.46602583
0.46597519
0.46592467
0.46587428
0.46582402
0.46577387
0.46572386
0.46567396
0.46562419
0.46557454
0.46552501
0.46547561
0.46542632
0.46537716
0.46532812
0.46527920
0.46523041
0.46518173
0.46513317
0.46508473
0.46503642
0.46498822
0.46494014
0.46489217
0.46484433
0.46479661
0.46474900
0.46470151
0.46465414
0.46460688
0.46455974
0.46451272
0.46446581
0.46441902
0.46437234
0.46432578
0.46427934
0.46423300
0.46418679
0.46414068
0.46409469
0.46404882
0.46400306
0.46395741
0.46391187
0.46386644
0.46382113
0.46377593
0.46373084
0.46368586
0.46364099
0.46359623
0.46355159
0.46350705
0.46346262
0.46341831
0.46337410
0.46333000
0.46328601
0.46324213
0.46319835
0.46315469
0.46311113
0.46306768
0.46302433
0.46298110
0.46293797
0.46289494
0.46285202
0.46280921
0.46276650
0.46272390
0.46268141
0.46263901
0.46259673
0.46255454
0.46251246
0.46247049
0.46242862
0.46238685
0.46234518
0.46230362
0.46226216
0.46222080
0.46217954
0.46213839
0.46209734
0.46205638
0.46201553
0.46197478
0.46193413
0.46189358
0.46185313
0.46181278
0.46177253
0.46173238
0.46169232
0.46165237
0.46161251
0.46157275
0.46153309
0.46149353
0.46145407
0.46141470
0.46137543
0.46133625
0.46129718
0.46125820
0.46121931
0.46118052
0.46114183
0.46110323
0.46106473
0.46102632
0.46098800
0.46094978
0.46091166
0.46087363
0.46083569
0.46079784
0.46076009
0.46072243
0.46068487
0.46064739
0.46061001
0.46057272
0.46053553
0.46049842
0.46046141
0.46042448
0.46038765
0.46035091
0.46031426
0.46027770
0.46024123
0.46020485
0.46016855
0.46013235
0.46009624
0.46006022
0.46002428
0.45998843
0.45995267
0.45991700
0.45988142
0.45984593
0.45981052
0.45977520
0.45973996
0.45970482
0.45966975
0.45963478
0.45959989
0.45956509
0.45953037
0.45949574
0.45946119
0.45942673
0.45939236
0.45935807
0.45932386
0.45928973
0.45925570
0.45922174
0.45918787
0.45915408
0.45912037
0.45908675
0.45905321
0.45901975
0.45898638
0.45895309
0.45891987
0.45888675
0.45885370
0.45882073
0.45878785
0.45875504
0.45872232
0.45868967
0.45865711
0.45862463
0.45859222
0.45855990
0.45852766
0.45849549
0.45846341
0.45843140
0.45839947
0.45836762
0.45833585
0.45830416
0.45827254
0.45824101
0.45820955
0.45817817
0.45814686
0.45811563
0.45808448
0.45805341
0.45802241
0.45799149
0.45796064
0.45792987
0.45789917
0.45786856
0.45783801
0.45780754
0.45777715
0.45774683
0.45771659
0.45768642
0.45765632
0.45762630
0.45759635
0.45756647
0.45753667
0.45750694
0.45747729
0.45744771
0.45741820
0.45738876
0.45735940
0.45733011
0.45730089
0.45727174
0.45724266
0.45721365
0.45718472
0.45715586
0.45712707
0.45709834
0.45706969
0.45704111
0.45701260
0.45698416
0.45695579
0.45692749
0.45689926
0.45687110
0.45684301
0.45681499
0.45678703
0.45675915
0.45673133
0.45670358
0.45667590
0.45664829
0.45662074
0.45659326
0.45656585
0.45653851
0.45651124
0.45648403
0.45645689
0.45642981
0.45640280
0.45637586
0.45634899
0.45632218
0.45629543
0.45626876
0.45624214
0.45621560
0.45618911
0.45616270
0.45613635
0.45611006
0.45608384
0.45605768
0.45603158
0.45600555
0.45597959
0.45595368
0.45592785
0.45590207
0.45587636
0.45585071
0.45582512
0.45579960
0.45577414
0.45574874
0.45572341
0.45569813
0.45567292
0.45564777
0.45562269
0.45559766
0.45557270
0.45554779
0.45552295
0.45549817
0.45547345
0.45544879
0.45542419
0.45539965
0.45537517
0.45535076
0.45532640
0.45530210
0.45527786
0.45525368
0.45522956
0.45520550
0.45518150
0.45515756
0.45513367
0.45510985
0.45508608
0.45506237
0.45503872
0.45501513
0.45499159
0.45496812
0.45494470
0.45492134
0.45489803
0.45487478
0.45485159
0.45482846
0.45480538
0.45478236
0.45475940
0.45473649
0.45471364
0.45469085
0.45466811
0.45464543
0.45462280
0.45460023
0.45457771
0.45455525
0.45453284
0.45451049
0.45448820
0.45446596
0.45444377
0.45442164
0.45439956
0.45437753
0.45435556
0.45433365
0.45431179
0.45428998
0.45426822
0.45424652
0.45422487
0.45420328
0.45418173
0.45416024
0.45413881
0.45411742
0.45409609
0.45407481
0.45405358
0.45403241
0.45401129
0.45399021
0.45396919
0.45394823
0.45392731
0.45390644
0.45388563
0.45386487
0.45384415
0.45382349
0.45380288
0.45378232
0.45376181
0.45374135
0.45372094
0.45370058
0.45368027
0.45366001
0.45363980
0.45361964
0.45359953
0.45357947
0.45355945
0.45353949
0.45351958
0.45349971
0.45347989
0.45346013
0.45344041
0.45342073
0.45340111
0.45338153
0.45336201
0.45334253
0.45332310
0.45330371
0.45328438
0.45326509
0.45324584
0.45322665
0.45320750
0.45318840
0.45316935
0.45315034
0.45313138
0.45311247
0.45309360
0.45307478
0.45305600
0.45303727
0.45301859
0.45299995
0.45298136
0.45296281
0.45294431
0.45292586
0.45290745
0.45288908
0.45287076
0.45285249
0.45283425
0.45281607
0.45279793
0.45277983
0.45276178
0.45274377
0.45272581
0.45270789
0.45269001
0.45267218
0.45265439
0.45263664
0.45261894
0.45260128
0.45258367
0.45256610
0.45254857
0.45253108
0.45251364
0.45249624
0.45247888
0.45246157
0.45244429
0.45242706
0.45240988
0.45239273
0.45237563
0.45235856
0.45234154
0.45232456
0.45230763
0.45229073
0.45227388
0.45225707
0.45224029
0.45222356
0.45220687
0.45219023
0.45217362
0.45215705
0.45214052
0.45212404
0.45210759
0.45209119
0.45207482
0.45205850
0.45204221
0.45202597
0.45200976
0.45199359
0.45197747
0.45196138
0.45194533
0.45192933
0.45191336
0.45189743
0.45188154
0.45186568
0.45184987
0.45183410
0.45181836
0.45180266
0.45178701
0.45177139
0.45175580
0.45174026
0.45172475
0.45170929
0.45169386
0.45167846
0.45166311
0.45164779
0.45163251
0.45161727
0.45160207
0.45158690
0.45157177
0.45155668
0.45154162
0.45152660
0.45151162
0.45149667
0.45148176
0.45146689
0.45145205
0.45143725
0.45142249
0.45140776
0.45139307
0.45137841
0.45136379
0.45134921
0.45133466
0.45132015
0.45130567
0.45129123
0.45127682
0.45126245
0.45124812
0.45123382
0.45121955
0.45120532
0.45119112
0.45117696
0.45116283
0.45114874
0.45113468
0.45112066
0.45110667
0.45109272
0.45107880
0.45106491
0.45105106
0.45103724
0.45102346
0.45100970
0.45099599
0.45098230
0.45096865
0.45095504
0.45094145
0.45092790
0.45091439
0.45090090
0.45088745
0.45087403
0.45086065
0.45084729
0.45083397
0.45082069
0.45080743
0.45079421
0.45078102
0.45076786
0.45075474
0.45074164
0.45072858
0.45071555
0.45070256
0.45068959
0.45067666
0.45066375
0.45065088
0.45063804
0.45062524
0.45061246
0.45059972
0.45058700
0.45057432
0.45056167
0.45054905
0.45053646
0.45052390
0.45051137
0.45049887
0.45048640
0.45047397
0.45046156
0.45044918
0.45043684
0.45042452
0.45041224
0.45039998
0.45038776
0.45037556
0.45036340
0.45035126
0.45033915
0.45032708
0.45031503
0.45030301
0.45029102
0.45027907
0.45026714
0.45025524
0.45024336
0.45023152
0.45021971
0.45020792
0.45019617
0.45018444
0.45017274
0.45016107
0.45014943
0.45013782
0.45012624
0.45011468
0.45010315
0.45009165
0.45008018
0.45006874
